101201
102357
102410
102413
102422
102423
102425
102427
102430
102431
102432
102434
102436
102438
102439
102440
102448
102450
102452
102455
102458
102462
102463
102464
102467
102469
102470
102471
102476
102479
102480
102484
102494
102496
102498
102505
102557
102559
102560
102563
102567
102568
102569
102570
102571
102576
102578
102579
102583
102584
102589
102594
102600
102606
102609
102610
102611
102613
102616
102617
102618
102619
102620
102622
102623
102624
102628
102629
102630
102636
102639
102640
102643
102644
102647
102800
102804
102807
102809
102810
102811
102812
102814
102815
102817
102818
102820
102821
102822
102825
102826
102830
102932
102938
102939
102944
102946
102947
102952
102954
102955
102956
102960
102964
102966
102971
102972
102976
102977
102982
102987
102988
102989
102990
102992
102993
102998
103001
103006
103009
103012
103015
103017
103023
103029
103031
103097
103112
103119
103121
103124
103127
103202
103208
103212
103213
103215
103219
103220
103221
103222
103246
103248
103249
103251
103252
103253
103255
103260
103265
103266
103267
103270
103275
103288
103294
103317
103318
103319
103321
103322
103325
103326
103327
103330
103331
103333
103334
103335
103336
103361
103363
103365
103366
103372
103379
103380
103381
103382
103384
103385
103388
103390
103451
103452
103453
103454
103455
103486
103487
103495
103498
103499
103501
103503
103504
103505
103506
103507
103509
103510
103512
103513
103515
103517
103518
103519
103521
103530
103531
103535
103537
103538
103539
103540
103542
103544
103545
103546
103548
103549
103550
103557
103570
103571
103574
103575
103580
103584
103591
103592
103595
103599
103602
103603
103655
103664
103700
103702
103709
103710
103713
103716
103717
103719
103720
103725
103729
103747
103750
103751
103752
103753
103754
103755
103757
103759
103762
103766
103949
103950
103951
103952
103954
103957
103958
103961
103963
103964
103965
103966
104012
104013
104014
104015
104016
104019
104020
104022
104028
104048
104059
104060
104063
104064
104066
104067
104069
104070
104071
104072
104084
104085
104106
104107
104113
104115
104154
104167
104191
104195
104196
104197
104200
104202
104203
104204
104206
104207
104208
104209
104210
104211
104212
104213
104214
104215
104216
104217
104218
104219
104220
104221
104222
104223
104224
104225
104226
104227
104228
104229
104288
104290
104291
104292
104294
104295
104296
104297
104298
104300
104301
104302
104303
104305
104306
104307
104309
104310
104312
104313
104314
104315
104316
104350
104360
104361
104363
104364
104365
104366
104367
104368
104369
104370
104394
104395
104396
104397
104398
104399
104400
104401
104402
104403
104404
104405
104406
104407
104409
104410
104411
104412
104413
104414
104415
104416
104442
104443
104444
104445
104446
104447
104448
104449
104450
104451
104452
104453
104454
104455
104456
104457